// 00 00 01 03 第三个继电器，地盘电机控制

00 00 01 03 01 00 00 00 00 00 00 00 # 左侧后退
00 00 01 03 02 00 00 00 00 00 00 00 # 左侧前进
00 00 01 03 04 00 00 00 00 00 00 00 # 右侧前进
00 00 01 03 08 00 00 00 00 00 00 00 # 右侧后退
00 00 01 03 06 00 00 00 00 00 00 00 # 同时前进
00 00 01 03 09 00 00 00 00 00 00 00 # 同时后退
00 00 01 03 0A 00 00 00 00 00 00 00 # 左前右后
00 00 01 03 05 00 00 00 00 00 00 00 # 右前左后

// 00 00 01 02  第二个继电器，大臂/铲斗

00 00 01 02 01 00 00 00 00 00 00 00 # 大臂下
00 00 01 02 02 00 00 00 00 00 00 00 # 大臂上
00 00 01 02 04 00 00 00 00 00 00 00 # 铲斗回拉
00 00 01 02 08 00 00 00 00 00 00 00 # 铲斗外推

// 00 00 01 01  第三个继电器，小臂/回转
00 00 01 01 01 00 00 00 00 00 00 00 # 小臂回拉
00 00 01 01 02 00 00 00 00 00 00 00 # 小臂前推
00 00 01 01 04 00 00 00 00 00 00 00 # 回转右转
00 00 01 01 08 00 00 00 00 00 00 00 # 回转左转


00 00 01 04 虚拟量控制器
00 00 01 04 00 00 00 00 00 00 00 00 # 
00 00 01 04 00 00                   //1-5000转换，第一位模拟量
00 00 01 04 00 00 00 00             //1-5000转换，第二位模拟量
00 00 01 04 00 00 00 00 00 00       //1-5000转换，第三位模拟量

00 00 01 04 03 E8 00 00 00 00 00 00 #第一位模拟量发送1000mV  //右轮
00 00 01 04 00 00 03 E8 00 00 00 00 #第二位模拟量发送1000mV  //左轮
00 00 01 04 00 00 00 00 03 E8 00 00 #第三位模拟量发送1000mV

00 00 01 04 13 88 00 00 00 00 00 00 #第一位模拟量发送1000mV  //右轮