0462
0226
0051
0426
0443
0000
0231
0284
0083
0202
0120
0147
0465
0401
0388
0250
0133
0319
0390
0096
0407
0164
0131
0192
0203
0249
0166
0159
0378
0213
0458
0033
0107
0077
0435
0271
0246
0045
0020
0140
0230
0456
0252
0053
0334
0198
0079
0406
0448
0418
0369
0307
0204
0328
0151
0228
0415
0080
0336
0061
0282
0176
0152
0293
0294
0310
0100
0318
0211
0253
0044
0229
0454
0183
0283
0026
0419
0002
0370
0200
0463
0124
0058
0072
0384
0144
0397
0235
0260
0115
0363
0338
0154
0261
0050
0421
0132
0345
0138
0262
0242
0046
0217
0330
0239
0455
0184
0327
0410
0288
0101
0298
0424
0264
0265
0232
0178
0064
0351
0268
0436
0321
0343
0322
0259
0347
0241
0055
0168
0356
0008
0445
0346
0219
0285
0171
0082
0086
0150
0254
0361
0386
0380
0243
0335
0442
0393
0409
0185
0179
0400
0024
0362
0238
0245
0299
0352
0068
0269
0056
0191
0019
0162
0295
0174
0460
0302
0060
0382
0073
0244
0003
0315
0432
0377
0392
0225
0341
0197
0118
0425
0126
0291
0047
0337
0127
0146
0360
0027
0359
0062
0391
0464
0305
0326
0172
0292
0222
0143
0210
0306
0038
0387
0029
0089
0247
0098
0119
0148
0196
0357
0344
0134
0368
0012
0236
0067
0108
0084
0348
0201
0383
0304
0030
0007
0234
0457
0256
0025
0092
0312
0446
0353
0466
0281
0233
0375
0040
0379
0156
0441
0181
0273
0104
0075
0331
0180
0453
0135
0165
0193
0091
0258
0350
0364
0145
0429
0149
0070
0255
0439
0451
0054
0280
0169
0289
0215
0417
0423
0158
0468
0095
0447
0405
0186
0263
0257
0427
0440
0416
0411
0088
0354
0434
0248
0214
0037
0365
0270
0342
0276
0161
0216
0207
0324
0173
0112
0018
0153
0011
0394
0205
0323
0404
0066
0009
0373
0059
0459
0402
0004
0094
0048
0093
0251
0408
0032
0155
0128
0121
0227
0130
0081
0308
0311
0052
0389
0028
0414
0209
0106
0399
0467
0021
0218
0412
0266
0430
0340
0039
0358
0188
0013
0189
0355
0367
0220
0005
0085
0376
0371
0374
0332
0278
0078
0433
0114
0170
0339
0123
0301
0103
0090
0199
0274
0395
0206
0087
0221
0142
0111
0329
0381
0277
0349
